VERSION
52
10
0
2
11
6
225.425507
225.425507
1.000000 0.000000 0.000000 0.000000
0.000000 1.000000 0.000000 0.000000
0.000000 0.000000 1.000000 0.000000
0.000000 103.886955 0.000000 1.000000
12
212.290665
13
3
89.983253
1.000000 0.000000 0.000000 0.000000
0.000000 1.000000 0.000000 0.000000
0.000000 0.000000 1.000000 0.000000
-29.151423 23.280542 -0.000040 1.000000
15
0
83.505989
406.299652
387.453339
0.096386
0.036145
85.819656
118.922859
39.434185
157.736740
1
1
0.000000 1.000000 0.000000 0.000000
-1.000000 0.000000 0.000000 0.000000
0.000000 0.000000 1.000000 0.000000
118.922859 157.736740 -0.000000 1.000000
54.761642
0
83.505989
406.299652
387.453339
0.096386
0.036145
85.819656
118.922859
39.434185
157.736740
1
1
0.000000 1.000000 0.000000 0.000000
-1.000000 0.000000 -0.000000 0.000000
0.000000 -0.000000 -1.000000 0.000000
118.922859 157.736740 0.000000 1.000000
54.761642
16
0
241.538666
258.290192
0.072289
0.036145
136.326340
0.000000
0.287291
10.270481 -17.632782 51.171032 1.000000
99.742447
89.348602
0.000000
112.920609
5
3
0.610814 -0.111772 -0.783845 0.000000
0.738100 0.438674 0.512614 0.000000
0.286556 -0.891669 0.350447 0.000000
44.680679 -32.332153 -15.120624 1.000000
32.599567
24.785025
28.230152
3
0.983413 -0.062281 -0.170354 0.000000
-0.157412 0.173567 -0.972160 0.000000
0.090115 0.982851 0.160884 0.000000
94.941734 -28.467196 0.651157 1.000000
39.455078
21.188984
22.018097
3
0.995293 0.012380 -0.096122 0.000000
-0.096916 0.127142 -0.987138 0.000000
0.000000 0.991807 0.127743 0.000000
95.634926 -6.929366 0.341203 1.000000
39.149319
23.194550
26.509243
3
0.985657 0.168227 -0.013398 0.000000
-0.001783 -0.069006 -0.997615 0.000000
-0.168750 0.983330 -0.067716 0.000000
95.784599 11.866854 0.167428 1.000000
33.111202
26.033302
21.938265
3
0.942333 0.270242 0.197429 0.000000
0.233404 -0.107876 -0.966378 0.000000
-0.239858 0.956730 -0.164730 0.000000
91.111641 32.019905 -0.350481 1.000000
23.339811
17.564442
21.447262
0
241.538666
258.290192
0.072289
0.036145
136.326340
0.000000
0.287291
-10.270481 17.632782 51.171032 1.000000
99.742447
89.348602
0.000000
112.920609
5
3
0.610814 -0.111772 -0.783845 0.000000
0.738100 0.438674 0.512614 0.000000
0.286556 -0.891669 0.350447 0.000000
44.680679 -32.332153 -15.120624 1.000000
32.599567
24.785025
28.230152
3
0.983413 -0.062281 -0.170354 0.000000
-0.157412 0.173567 -0.972160 0.000000
0.090115 0.982851 0.160884 0.000000
94.941734 -28.467196 0.651157 1.000000
39.455078
21.188984
22.018097
3
0.995293 0.012380 -0.096122 0.000000
-0.096916 0.127142 -0.987138 0.000000
0.000000 0.991807 0.127743 0.000000
95.634926 -6.929366 0.341203 1.000000
39.149319
23.194550
26.509243
3
0.985657 0.168227 -0.013398 0.000000
-0.001783 -0.069006 -0.997615 0.000000
-0.168750 0.983330 -0.067716 0.000000
95.784599 11.866854 0.167428 1.000000
33.111202
26.033302
21.938265
3
0.942333 0.270242 0.197429 0.000000
0.233404 -0.107876 -0.966378 0.000000
-0.239858 0.956730 -0.164730 0.000000
91.111641 32.019905 -0.350481 1.000000
23.339811
17.564442
21.447262
19
0
20
0
30
0
21
0
22
0
23
0
25
0
0
0
0
0
0
0
0
0
0
0
0.500000
0.500000
0.500000
0.500000
0.500000
0.500000
0.500000
0.500000
0.500000
0.500000
26
0
0
0
0
0
0
5
3
0
18
0.000000
31
1
0
32
0
33
0
0
17
501
117.437416
117.437416
503
225.425507
225.425507
225.425507
225.425507
506
271.009338
271.009338
271.009338
271.009338
28.230152
28.230152
28.230152
28.230152
28.230152
28.230152
33.876167
33.876167
33.876167
33.876167
33.876167
33.876167
39.522228
39.522228
39.522228
39.522228
39.522228
39.522228
33.876167
33.876167
33.876167
33.876167
33.876167
33.876167
28.230152
28.230152
28.230152
28.230152
28.230152
28.230152
136.326340
293.593506
225.841217
271.009338
271.009338
271.009338
271.009338
28.230152
28.230152
28.230152
28.230152
28.230152
28.230152
33.876167
33.876167
33.876167
33.876167
33.876167
33.876167
39.522228
39.522228
39.522228
39.522228
39.522228
39.522228
33.876167
33.876167
33.876167
33.876167
33.876167
33.876167
28.230152
28.230152
28.230152
28.230152
28.230152
28.230152
136.326340
293.593506
225.841217
505
451.682434
451.682434
451.682434
451.682434
16.798967
77.512451
40.000000
40.000000
40.000000
451.682434
451.682434
451.682434
451.682434
16.798967
77.512451
40.000000
40.000000
40.000000
500
212.290665
212.290665
196.481903
212.290665
225.841217
225.841217
83.505989
507
100
0.000000
0.000000
-0.171394
0.985202
0.000000
0.000000
0.000000
3
-0.001435
-0.000000
-0.000000
0.000000 0.000000 0.000000 0.000000
0.000000
0.000000 0.000000 0.000000 1.000000
101
3
0.057882
-0.000000
-0.000000
0.000000 0.000000 0.000000 0.000000
0.000001 0.000000 1.000000 0.000000
-0.000000 1.000000 0.000000 0.000000
-1.000000 -0.000000 0.000001 0.000000
0.000000 908.808838 -39.296440 1.000000
108
0.000000 0.000000 0.000000 0.000000
0.000000 908.808838 -39.296440 1.000000
-0.000000
0.707106
-0.000000
0.707107
102
-0.000000
-0.000000
0.000000
1.000000
0.000000
0.000000
0.000000
103
6
0.000000
0.000000
0.000000
0.000000
-0.000000
0.000000
0.000000 0.000000 0.000000 0.000000
105
3.012244
0.300000
-0.067191
-0.011542
0.026819
0.997313
0.000000
0.000000
0.000000
-0.120000
0.000000
0
0.000000
0.000000
791.919434 8.392567 -14.381886 1.000000
-97.887947 116.889404 -47.688839 1.000000
0.019418 -0.134640 0.990704 0.000000
3
0
-0.094238
0.094238
0.700799
0.700799
0.000000
0.000000
0.000000
0.000000
0.000000
0.000000
1.000000
0.562176
-0.562176
-0.428903
-0.428903
0.000000
0.000000
0.000000
1
0.000000
0.000000
0.000000
1.000000
0.000000
0.000000
0.000000
1.000000
1
0.000000
0.000000
1
0.000000
0.000000
0.000000
1.000000
0.000000
0.000000
0.000000
1.000000
1
0.000000
0.000000
1
0.000000
0.000000
0.000000
1.000000
0.000000
0.000000
0.000000
1.000000
1
0.000000
0.000000
1
0.000000
0.000000
0.000000
1.000000
0.000000
0.000000
0.000000
1.000000
1
0.000000
0.000000
1
0.000000
0.000000
0.000000
1.000000
0.000000
0.000000
0.000000
1.000000
1
0.000000
0.000000
0
0
5
0
0
-139.556793 -2.033455 104.444595 1.000000
0.000000 0.000000 0.000000 1.000000
0.000000
3.012244
0.300000
-0.067191
-0.011542
0.026819
0.997313
0.000000
0.000000
0.000000
-0.120000
0.000000
0
0.000000
0.000000
791.919434 8.392567 -14.381886 1.000000
97.887779 116.889404 -47.689106 1.000000
0.019418 -0.134640 0.990704 0.000000
3
0
0.094238
-0.094238
0.700799
0.700799
0.000000
0.000000
0.000000
0.000000
0.000000
0.000000
1.000000
-0.428903
0.428903
0.562176
0.562177
0.000000
0.000000
0.000000
1
0.000000
0.000000
0.000000
1.000000
0.000000
0.000000
0.000000
1.000000
1
0.000000
0.000000
1
0.000000
0.000000
0.000000
1.000000
0.000000
0.000000
0.000000
1.000000
1
0.000000
0.000000
1
0.000000
0.000000
0.000000
1.000000
0.000000
0.000000
0.000000
1.000000
1
0.000000
0.000000
1
0.000000
0.000000
0.000000
1.000000
0.000000
0.000000
0.000000
1.000000
1
0.000000
0.000000
1
0.000000
0.000000
0.000000
1.000000
0.000000
0.000000
0.000000
1.000000
1
0.000000
0.000000
0
0
5
0
0
139.557037 21.235146 104.444229 1.000000
0.000000 0.000000 0.000000 1.000000
0.000000
106
3.031733
0.300000
-0.103380
0.297879
0.000317
0.948989
0.000000
0.000000
0.000000
0.000000
0.287291
0
0.000000
0.000000
408.119537 -3.274620 287.235901 1.000000
-475.765869 997.209839 -32.299942 1.000000
-0.565434 -0.196024 0.801161 1.000000
0
0
0.061488
-0.091758
-0.007848
0.993850
0.000000
0.000000
0.000000
0.000000
0.000000
0.000000
1.000000
0.697855
-0.407256
0.333157
0.485949
0.000000
0.000000
0.000000
4
0.000000
0.000000
0.000000
1.000000
0.000000
0.000000
0.000000
1.000000
0.000000
-0.000000
-0.104463
0.994529
0.000000
0.000000
0.000000
1.000000
0.000000
-0.000000
-0.038319
0.999266
0.000000
0.000000
0.000000
1.000000
0.000000
0.000000
0.000000
1.000000
0.000000
0.000000
0.000000
1.000000
0
0.000000
0.000000
0.000000
0.000000
0.000000
0.209308
0.000000
0.000000
0.076656
0.000000
0.000000
0.000000
4
0.000000
0.000000
0.000000
1.000000
0.000000
0.000000
0.000000
1.000000
0.000000
-0.000000
-0.278910
0.960317
0.000000
0.000000
0.000000
1.000000
0.000000
-0.000000
-0.209542
0.977800
0.000000
0.000000
0.000000
1.000000
0.000000
0.000000
0.000000
1.000000
0.000000
0.000000
0.000000
1.000000
0
0.000000
0.000000
0.000000
0.000000
0.000000
0.565318
0.000000
0.000000
0.422213
0.000000
0.000000
0.000000
4
0.000000
0.000000
0.000000
1.000000
0.000000
0.000000
0.000000
1.000000
0.000000
-0.000000
-0.265865
0.964010
0.000000
0.000000
0.000000
1.000000
0.000000
-0.000000
-0.280284
0.959917
0.000000
0.000000
0.000000
1.000000
0.000000
0.000000
0.000000
1.000000
0.000000
0.000000
0.000000
1.000000
0
0.000000
0.000000
0.000000
0.000000
0.000000
0.538202
0.000000
0.000000
0.568179
0.000000
0.000000
0.000000
4
0.000000
0.000000
0.000000
1.000000
0.000000
0.000000
0.000000
1.000000
0.000000
-0.000000
-0.346790
0.937943
0.000000
0.000000
0.000000
1.000000
0.000000
-0.000000
-0.219810
0.975543
0.000000
0.000000
0.000000
1.000000
0.000000
0.000000
0.000000
1.000000
0.000000
0.000000
0.000000
1.000000
0
0.000000
0.000000
0.000000
0.000000
0.000000
0.708292
0.000000
0.000000
0.443239
0.000000
0.000000
0.000000
4
0.000000
0.000000
0.000000
1.000000
0.000000
0.000000
0.000000
1.000000
0.000000
-0.000000
-0.404956
0.914336
0.000000
0.000000
0.000000
1.000000
0.000000
-0.000000
-0.183360
0.983046
0.000000
0.000000
0.000000
1.000000
0.000000
0.000000
0.000000
1.000000
0.000000
0.000000
0.000000
1.000000
0
0.000000
0.000000
0.000000
0.000000
0.000000
0.833861
0.000000
0.000000
0.368807
0.000000
0.000000
0.000000
0
0
5
0
0
-502.906067 911.824280 -21.656141 1.000000
0.000000 0.000000 0.000000 1.000000
0.000000
3.031733
0.300000
-0.103380
0.297879
0.000317
0.948989
0.000000
0.000000
0.000000
0.000000
0.287291
0
0.000000
0.000000
408.119537 -3.274620 287.235901 1.000000
470.869354 1001.020752 -32.301231 1.000000
-0.565434 -0.196024 0.801161 1.000000
0
0
0.061488
-0.091758
-0.007848
0.993850
0.000000
0.000000
0.000000
0.000000
0.000000
0.000000
1.000000
0.697855
-0.407256
0.333157
0.485949
0.000000
0.000000
0.000000
4
0.000000
0.000000
0.000000
1.000000
0.000000
0.000000
0.000000
1.000000
0.000000
-0.000000
-0.104463
0.994529
0.000000
0.000000
0.000000
1.000000
0.000000
-0.000000
-0.038319
0.999266
0.000000
0.000000
0.000000
1.000000
0.000000
0.000000
0.000000
1.000000
0.000000
0.000000
0.000000
1.000000
0
0.000000
0.000000
0.000000
0.000000
0.000000
0.209308
0.000000
0.000000
0.076656
0.000000
0.000000
0.000000
4
0.000000
0.000000
0.000000
1.000000
0.000000
0.000000
0.000000
1.000000
0.000000
-0.000000
-0.278910
0.960317
0.000000
0.000000
0.000000
1.000000
0.000000
-0.000000
-0.209542
0.977800
0.000000
0.000000
0.000000
1.000000
0.000000
0.000000
0.000000
1.000000
0.000000
0.000000
0.000000
1.000000
0
0.000000
0.000000
0.000000
0.000000
0.000000
0.565318
0.000000
0.000000
0.422213
0.000000
0.000000
0.000000
4
0.000000
0.000000
0.000000
1.000000
0.000000
0.000000
0.000000
1.000000
0.000000
-0.000000
-0.265865
0.964010
0.000000
0.000000
0.000000
1.000000
0.000000
-0.000000
-0.280284
0.959917
0.000000
0.000000
0.000000
1.000000
0.000000
0.000000
0.000000
1.000000
0.000000
0.000000
0.000000
1.000000
0
0.000000
0.000000
0.000000
0.000000
0.000000
0.538202
0.000000
0.000000
0.568179
0.000000
0.000000
0.000000
4
0.000000
0.000000
0.000000
1.000000
0.000000
0.000000
0.000000
1.000000
0.000000
-0.000000
-0.346790
0.937943
0.000000
0.000000
0.000000
1.000000
0.000000
-0.000000
-0.219810
0.975543
0.000000
0.000000
0.000000
1.000000
0.000000
0.000000
0.000000
1.000000
0.000000
0.000000
0.000000
1.000000
0
0.000000
0.000000
0.000000
0.000000
0.000000
0.708292
0.000000
0.000000
0.443239
0.000000
0.000000
0.000000
4
0.000000
0.000000
0.000000
1.000000
0.000000
0.000000
0.000000
1.000000
0.000000
-0.000000
-0.404956
0.914336
0.000000
0.000000
0.000000
1.000000
0.000000
-0.000000
-0.183360
0.983046
0.000000
0.000000
0.000000
1.000000
0.000000
0.000000
0.000000
1.000000
0.000000
0.000000
0.000000
1.000000
0
0.000000
0.000000
0.000000
0.000000
0.000000
0.833861
0.000000
0.000000
0.368807
0.000000
0.000000
0.000000
0
0
5
0
0
479.278931 945.284302 -30.948606 1.000000
0.000000 0.000000 0.000000 1.000000
0.000000
107
27
0.500000
0.500000
0.500000
0.500000
0.500000
0.500000
28
6
0
-0.004342
-0.009040
-0.014528
-0.999844
pose1
-0.028972 -0.018203 -0.999414
-0.999540 -0.008421 0.029129
0.000000
0.500000
0.306306
0.285922
-0.628247
0.655539
pose2
0.998840 0.010006 -0.047110
-0.022966 -0.760849 -0.648522
0.000000
0.500000
-0.604889
0.099517
0.672610
-0.414490
pose3
0.437187 0.896206 -0.075384
0.636588 -0.367568 -0.677974
0.000000
0.500000
-0.202303
-0.721503
-0.037610
-0.661130
pose4
0.242194 -0.969231 0.043962
-0.915318 -0.213225 0.341656
0.000000
0.500000
-0.105683
0.335716
0.702526
0.618533
pose5
-0.940030 -0.266812 0.212496
0.009423 0.602436 0.798112
0.000000
0.500000
0.017896
0.466863
-0.884082
0.010833
pose6
0.035866 0.021528 0.999125
0.563844 -0.825878 -0.002445
0.000000
0.500000
29
6
0
0.000000
0.000000
-0.020622
0.999787
pose1
-0.041236 0.000000 -0.999149
0.999149 0.000000 -0.041236
0.000000
0.500000
0.036782
0.019800
0.678470
0.733439
pose2
0.993777 0.078954 -0.078572
0.076650 0.027087 0.996690
0.000000
0.500000
0.183027
0.681963
-0.186833
-0.683024
pose3
0.005588 -0.999984 -0.000040
0.863189 0.004803 0.504858
0.000000
0.500000
0.000000
0.000000
-0.697373
0.716708
pose4
-0.999626 0.000000 -0.027341
0.027341 0.000000 -0.999626
0.000000
0.500000
0.000156
0.008472
0.999794
-0.018419
pose5
-0.036833 0.000000 0.999321
-0.999178 -0.016947 -0.036828
0.000000
0.500000
0.351327
0.624934
0.376430
0.586794
pose6
0.002661 0.997915 0.064484
0.469740 -0.058174 0.880886
0.000000
0.500000
