VERSION
52
10
0
2
11
6
225.425507
225.425507
1.000000 0.000000 0.000000 0.000000
0.000000 1.000000 0.000000 0.000000
0.000000 0.000000 1.000000 0.000000
0.000000 103.886955 0.000000 1.000000
12
212.290665
13
3
89.983253
1.000000 0.000000 0.000000 0.000000
0.000000 1.000000 0.000000 0.000000
0.000000 0.000000 1.000000 0.000000
-29.151423 23.280542 -0.000040 1.000000
15
0
83.505989
406.299652
387.453339
0.096386
0.036145
85.819656
118.922859
39.434185
157.736740
1
1
0.000000 1.000000 0.000000 0.000000
-1.000000 0.000000 0.000000 0.000000
0.000000 0.000000 1.000000 0.000000
118.922859 157.736740 -0.000000 1.000000
54.761642
0
83.505989
406.299652
387.453339
0.096386
0.036145
85.819656
118.922859
39.434185
157.736740
1
1
-0.308597 0.951193 0.000000 0.000000
-0.951193 -0.308597 0.000000 0.000000
0.000000 0.000000 -1.000000 0.000000
118.922859 157.736740 0.000000 1.000000
54.761642
16
0
241.538666
258.290192
0.072289
0.036145
136.326340
-0.522167
0.404254
10.270481 -17.632782 51.171032 1.000000
99.742447
89.348602
0.000000
112.920609
5
3
0.654044 -0.651737 -0.384012 0.000000
0.738100 0.438674 0.512614 0.000000
-0.165634 -0.618713 0.767959 0.000000
44.680679 -32.332153 -15.120624 1.000000
32.599567
24.785025
28.230152
3
0.967561 -0.250540 0.032502 0.000000
0.060436 0.104620 -0.992674 0.000000
0.245304 0.962437 0.116367 0.000000
94.941734 -28.467196 0.651157 1.000000
39.455078
21.188984
22.018097
3
0.997910 -0.062642 0.015913 0.000000
0.023156 0.116663 -0.992901 0.000000
0.060340 0.991194 0.117869 0.000000
95.634926 -6.929366 0.341203 1.000000
39.149319
23.194550
26.509243
3
0.967453 0.240349 0.079164 0.000000
0.092446 -0.044479 -0.994724 0.000000
-0.235560 0.969667 -0.065250 0.000000
95.784599 11.866854 0.167428 1.000000
33.111202
26.033302
21.938265
3
0.881952 0.454518 0.124796 0.000000
0.202249 -0.125778 -0.971224 0.000000
-0.425742 0.881812 -0.202855 0.000000
91.111641 32.019905 -0.350481 1.000000
23.339811
17.564442
21.447262
0
241.538666
258.290192
0.072289
0.036145
136.326340
-0.095963
-0.518510
-10.270481 17.632782 51.171032 1.000000
99.742447
89.348602
0.000000
112.920609
5
3
0.654044 -0.651737 -0.384012 0.000000
0.738100 0.438674 0.512614 0.000000
-0.165634 -0.618713 0.767959 0.000000
44.680679 -32.332153 -15.120624 1.000000
32.599567
24.785025
28.230152
3
0.967561 -0.250540 0.032502 0.000000
0.060436 0.104620 -0.992674 0.000000
0.245304 0.962437 0.116367 0.000000
94.941734 -28.467196 0.651157 1.000000
39.455078
21.188984
22.018097
3
0.997910 -0.062642 0.015913 0.000000
0.023156 0.116663 -0.992901 0.000000
0.060340 0.991194 0.117869 0.000000
95.634926 -6.929366 0.341203 1.000000
39.149319
23.194550
26.509243
3
0.967453 0.240349 0.079164 0.000000
0.092446 -0.044479 -0.994724 0.000000
-0.235560 0.969667 -0.065250 0.000000
95.784599 11.866854 0.167428 1.000000
33.111202
26.033302
21.938265
3
0.881952 0.454518 0.124796 0.000000
0.202249 -0.125778 -0.971224 0.000000
-0.425742 0.881812 -0.202855 0.000000
91.111641 32.019905 -0.350481 1.000000
23.339811
17.564442
21.447262
19
0
20
0
30
0
21
0
22
0
23
0
25
0
0
0
0
0
0
0
0
0
0
0
0.500000
0.500000
0.500000
0.500000
0.500000
0.500000
0.500000
0.500000
0.500000
0.500000
26
0
0
0
0
0
0
5
3
0
18
0.000000
31
1
0
32
0
33
0
0
17
501
117.437416
117.437416
503
225.425507
225.425507
225.425507
225.425507
506
271.009338
271.009338
271.009338
271.009338
28.230152
28.230152
28.230152
28.230152
28.230152
28.230152
33.876167
33.876167
33.876167
33.876167
33.876167
33.876167
39.522228
39.522228
39.522228
39.522228
39.522228
39.522228
33.876167
33.876167
33.876167
33.876167
33.876167
33.876167
28.230152
28.230152
28.230152
28.230152
28.230152
28.230152
136.326340
293.593506
225.841217
271.009338
271.009338
271.009338
271.009338
28.230152
28.230152
28.230152
28.230152
28.230152
28.230152
33.876167
33.876167
33.876167
33.876167
33.876167
33.876167
39.522228
39.522228
39.522228
39.522228
39.522228
39.522228
33.876167
33.876167
33.876167
33.876167
33.876167
33.876167
28.230152
28.230152
28.230152
28.230152
28.230152
28.230152
136.326340
293.593506
225.841217
505
451.682434
451.682434
451.682434
451.682434
16.798967
77.512451
40.000000
40.000000
40.000000
451.682434
451.682434
451.682434
451.682434
16.798967
77.512451
40.000000
40.000000
40.000000
500
212.290665
212.290665
196.481903
212.290665
225.841217
225.841217
83.505989
507
100
0.080103
0.035166
-0.246811
0.965106
0.000000
0.000000
0.000000
3
0.427474
-0.000000
-0.000000
0.000000 0.000000 0.000000 0.000000
0.000000
0.000000 0.000000 0.000000 1.000000
101
3
0.679967
-0.000000
-0.000000
0.000000 0.000000 0.000000 0.000000
0.000002 -0.677695 0.735343 0.000000
-0.000000 0.735343 0.677695 0.000000
-1.000000 -0.000001 0.000001 0.000000
0.000000 637.064819 -39.296452 1.000000
108
0.000000 0.000000 0.000000 0.000000
0.000000 637.064819 -39.296452 1.000000
-0.257224
0.658661
0.257224
0.658662
102
0.000000
0.000000
-0.088800
0.996049
0.000000
0.000000
0.000000
103
6
-0.036439
-0.005625
-0.095627
-0.435740
-0.141736
-0.450094
0.000000 0.000000 0.000000 0.000000
105
0.611040
0.300000
0.003779
-0.140414
0.820785
0.553698
0.000000
0.000000
0.000000
-0.120000
0.000000
0
0.000000
0.000000
167.402100 -158.173462 -65.447968 1.000000
-148.953720 406.773376 -36.431999 1.000000
0.161697 -0.226315 0.960539 1.000000
3
0
-0.263909
0.058562
0.939906
0.208566
0.000000
0.000000
0.000000
0.000000
0.000000
0.000000
1.000000
0.831492
-0.002064
-0.513966
0.210848
0.000000
0.000000
0.000000
1
0.000000
0.000000
0.000000
1.000000
0.000000
0.000000
0.000000
1.000000
1
0.000000
0.000000
1
0.000000
0.000000
0.000000
1.000000
0.000000
0.000000
0.000000
1.000000
1
0.000000
0.000000
1
0.000000
0.000000
0.000000
1.000000
0.000000
0.000000
0.000000
1.000000
1
0.000000
0.000000
1
0.000000
0.000000
0.000000
1.000000
0.000000
0.000000
0.000000
1.000000
1
0.000000
0.000000
1
0.000000
0.000000
0.000000
1.000000
0.000000
0.000000
0.000000
1.000000
1
0.000000
0.000000
0
0
5
0
0
-139.556793 -2.033455 104.444595 1.000000
0.000000 0.000000 0.000000 1.000000
0.000000
2.819093
0.300000
-0.066580
-0.022344
-0.034912
0.996920
0.000000
0.000000
0.000000
-0.120000
0.000000
0
0.000000
0.000000
762.936768 177.575043 -14.382202 1.000000
97.887863 196.386108 -686.913330 1.000000
0.049200 -0.131190 0.990136 1.000000
3
0
0.214254
-0.214254
0.673866
0.673866
0.000000
0.000000
0.000000
0.000000
0.000000
0.000000
1.000000
-0.531175
0.074283
0.703194
0.466748
0.000000
0.000000
0.000000
1
0.000000
0.000000
0.000000
1.000000
0.000000
0.000000
0.000000
1.000000
1
0.000000
0.000000
1
0.000000
0.000000
0.000000
1.000000
0.000000
0.000000
0.000000
1.000000
1
0.000000
0.000000
1
0.000000
0.000000
0.000000
1.000000
0.000000
0.000000
0.000000
1.000000
1
0.000000
0.000000
1
0.000000
0.000000
0.000000
1.000000
0.000000
0.000000
0.000000
1.000000
1
0.000000
0.000000
1
0.000000
0.000000
0.000000
1.000000
0.000000
0.000000
0.000000
1.000000
1
0.000000
0.000000
0
0
5
0
0
139.557037 21.235146 104.444229 1.000000
0.000000 0.000000 0.000000 1.000000
0.000000
106
1.949583
0.300000
-0.030491
0.230523
0.636079
0.735753
0.000000
0.000000
0.000000
-0.522167
0.404254
0
0.000000
0.000000
249.736786 -274.873993 182.403976 1.000000
-311.955231 1038.588745 -88.040108 1.000000
-0.378005 0.248394 0.891859 1.000000
0
0
0.154130
-0.007769
-0.064020
0.985943
0.000000
0.000000
0.000000
0.000000
0.000000
0.000000
1.000000
0.547737
0.431847
0.630815
-0.339947
0.000000
0.000000
0.000000
4
0.000000
0.000000
0.000000
1.000000
0.000000
0.000000
0.000000
1.000000
0.074132
0.000664
-0.008938
0.997208
0.000000
0.000000
0.000000
1.000000
0.000000
-0.000000
0.078746
0.996895
0.000000
0.000000
0.000000
1.000000
0.000000
0.000000
0.000000
1.000000
0.000000
0.000000
0.000000
1.000000
0
0.000000
0.000000
0.000000
0.000000
0.000000
0.209308
0.000000
0.000000
0.076656
0.000000
0.000000
0.000000
4
0.000000
0.000000
0.000000
1.000000
0.000000
0.000000
0.000000
1.000000
0.000000
0.000000
0.031450
0.999505
0.000000
0.000000
0.000000
1.000000
0.000000
0.000000
0.016510
0.999864
0.000000
0.000000
0.000000
1.000000
0.000000
0.000000
0.000000
1.000000
0.000000
0.000000
0.000000
1.000000
0
0.000000
0.000000
0.000000
0.000000
0.000000
0.565318
0.000000
0.000000
0.422213
0.000000
0.000000
0.000000
4
0.000000
0.000000
0.000000
1.000000
0.000000
0.000000
0.000000
1.000000
0.000000
0.000000
0.030020
0.999549
0.000000
0.000000
0.000000
1.000000
0.000000
0.000000
-0.015305
0.999883
0.000000
0.000000
0.000000
1.000000
0.000000
0.000000
0.000000
1.000000
0.000000
0.000000
0.000000
1.000000
0
0.000000
0.000000
0.000000
0.000000
0.000000
0.538202
0.000000
0.000000
0.568179
0.000000
0.000000
0.000000
4
0.000000
0.000000
0.000000
1.000000
0.000000
0.000000
0.000000
1.000000
0.000000
0.000000
-0.001799
0.999998
0.000000
0.000000
0.000000
1.000000
0.000000
0.000000
-0.021688
0.999765
0.000000
0.000000
0.000000
1.000000
0.000000
0.000000
0.000000
1.000000
0.000000
0.000000
0.000000
1.000000
0
0.000000
0.000000
0.000000
0.000000
0.000000
0.708292
0.000000
0.000000
0.443239
0.000000
0.000000
0.000000
4
0.000000
0.000000
0.000000
1.000000
0.000000
0.000000
0.000000
1.000000
0.000000
0.000000
-0.023954
0.999713
0.000000
0.000000
0.000000
1.000000
0.000000
0.000000
-0.000102
1.000000
0.000000
0.000000
0.000000
1.000000
0.000000
0.000000
0.000000
1.000000
0.000000
0.000000
0.000000
1.000000
0
0.000000
0.000000
0.000000
0.000000
0.000000
0.833861
0.000000
0.000000
0.368807
0.000000
0.000000
0.000000
0
0
5
0
0
-337.324127 995.683228 -163.247345 1.000000
0.000000 0.000000 0.000000 1.000000
0.000000
0.933234
0.300000
-0.139574
0.124006
-0.641702
0.743882
0.000000
0.000000
0.000000
-0.095963
-0.518510
0
0.000000
0.000000
-192.541412 109.311287 41.990807 1.000000
165.259872 963.200195 698.770264 1.000000
-0.005362 -0.366803 0.930283 1.000000
0
0
0.154130
-0.007769
-0.064020
0.985943
0.000000
0.000000
0.000000
0.000000
0.000000
0.000000
1.000000
0.547737
0.431847
0.630815
-0.339947
0.000000
0.000000
0.000000
4
0.000000
0.000000
0.000000
1.000000
0.000000
0.000000
0.000000
1.000000
0.074132
0.000664
-0.008938
0.997208
0.000000
0.000000
0.000000
1.000000
0.000000
-0.000000
0.078746
0.996895
0.000000
0.000000
0.000000
1.000000
0.000000
0.000000
0.000000
1.000000
0.000000
0.000000
0.000000
1.000000
0
0.000000
0.000000
0.000000
0.000000
0.000000
0.209308
0.000000
0.000000
0.076656
0.000000
0.000000
0.000000
4
0.000000
0.000000
0.000000
1.000000
0.000000
0.000000
0.000000
1.000000
0.000000
0.000000
0.031450
0.999505
0.000000
0.000000
0.000000
1.000000
0.000000
0.000000
0.016510
0.999864
0.000000
0.000000
0.000000
1.000000
0.000000
0.000000
0.000000
1.000000
0.000000
0.000000
0.000000
1.000000
0
0.000000
0.000000
0.000000
0.000000
0.000000
0.565318
0.000000
0.000000
0.422213
0.000000
0.000000
0.000000
4
0.000000
0.000000
0.000000
1.000000
0.000000
0.000000
0.000000
1.000000
0.000000
0.000000
0.030020
0.999549
0.000000
0.000000
0.000000
1.000000
0.000000
0.000000
-0.015305
0.999883
0.000000
0.000000
0.000000
1.000000
0.000000
0.000000
0.000000
1.000000
0.000000
0.000000
0.000000
1.000000
0
0.000000
0.000000
0.000000
0.000000
0.000000
0.538202
0.000000
0.000000
0.568179
0.000000
0.000000
0.000000
4
0.000000
0.000000
0.000000
1.000000
0.000000
0.000000
0.000000
1.000000
0.000000
0.000000
-0.001799
0.999998
0.000000
0.000000
0.000000
1.000000
0.000000
0.000000
-0.021688
0.999765
0.000000
0.000000
0.000000
1.000000
0.000000
0.000000
0.000000
1.000000
0.000000
0.000000
0.000000
1.000000
0
0.000000
0.000000
0.000000
0.000000
0.000000
0.708292
0.000000
0.000000
0.443239
0.000000
0.000000
0.000000
4
0.000000
0.000000
0.000000
1.000000
0.000000
0.000000
0.000000
1.000000
0.000000
0.000000
-0.023954
0.999713
0.000000
0.000000
0.000000
1.000000
0.000000
0.000000
-0.000102
1.000000
0.000000
0.000000
0.000000
1.000000
0.000000
0.000000
0.000000
1.000000
0.000000
0.000000
0.000000
1.000000
0
0.000000
0.000000
0.000000
0.000000
0.000000
0.833861
0.000000
0.000000
0.368807
0.000000
0.000000
0.000000
0
0
5
0
0
44.484131 991.973328 812.095825 1.000000
0.000000 0.000000 0.000000 1.000000
0.000000
107
27
0.500000
0.500000
0.500000
0.500000
0.500000
0.500000
28
6
0
-0.004342
-0.009040
-0.014528
-0.999844
pose1
-0.028972 -0.018203 -0.999414
-0.999540 -0.008421 0.029129
0.000000
0.500000
0.306306
0.285922
-0.628247
0.655539
pose2
0.998840 0.010006 -0.047110
-0.022966 -0.760849 -0.648522
0.000000
0.500000
-0.604889
0.099517
0.672610
-0.414490
pose3
0.437187 0.896206 -0.075384
0.636588 -0.367568 -0.677974
0.000000
0.500000
-0.202303
-0.721503
-0.037610
-0.661130
pose4
0.242194 -0.969231 0.043962
-0.915318 -0.213225 0.341656
0.000000
0.500000
-0.105683
0.335716
0.702526
0.618533
pose5
-0.940030 -0.266812 0.212496
0.009423 0.602436 0.798112
0.000000
0.500000
0.017896
0.466863
-0.884082
0.010833
pose6
0.035866 0.021528 0.999125
0.563844 -0.825878 -0.002445
0.000000
0.500000
29
6
0
0.000000
0.000000
-0.020622
0.999787
pose1
-0.041236 0.000000 -0.999149
0.999149 0.000000 -0.041236
0.000000
0.500000
0.036782
0.019800
0.678470
0.733439
pose2
0.993777 0.078954 -0.078572
0.076650 0.027087 0.996690
0.000000
0.500000
0.183027
0.681963
-0.186833
-0.683024
pose3
0.005588 -0.999984 -0.000040
0.863189 0.004803 0.504858
0.000000
0.500000
0.000000
0.000000
-0.697373
0.716708
pose4
-0.999626 0.000000 -0.027341
0.027341 0.000000 -0.999626
0.000000
0.500000
0.000156
0.008472
0.999794
-0.018419
pose5
-0.036833 0.000000 0.999321
-0.999178 -0.016947 -0.036828
0.000000
0.500000
0.351327
0.624934
0.376430
0.586794
pose6
0.002661 0.997915 0.064484
0.469740 -0.058174 0.880886
0.000000
0.500000
