VERSION
52
10
0
2
11
6
225.425507
225.425507
1.000000 0.000000 0.000000 0.000000
0.000000 1.000000 0.000000 0.000000
0.000000 0.000000 1.000000 0.000000
0.000000 103.886955 0.000000 1.000000
12
212.290665
13
3
89.983253
1.000000 0.000000 0.000000 0.000000
0.000000 1.000000 0.000000 0.000000
0.000000 0.000000 1.000000 0.000000
-29.151423 23.280542 -0.000040 1.000000
15
0
83.505989
406.299652
387.453339
0.096386
0.036145
85.819656
118.922859
39.434185
157.736740
1
1
0.051777 0.998659 -0.000000 0.000000
-0.998659 0.051777 0.000000 0.000000
0.000000 0.000000 1.000000 0.000000
118.922859 157.736740 -0.000000 1.000000
54.761642
0
83.505989
406.299652
387.453339
0.096386
0.036145
85.819656
118.922859
39.434185
157.736740
1
1
0.051777 0.998659 0.000000 0.000000
-0.998659 0.051777 0.000000 0.000000
0.000000 0.000000 -1.000000 0.000000
118.922859 157.736740 0.000000 1.000000
54.761642
16
0
241.538666
258.290192
0.072289
0.036145
136.326340
0.292952
-0.114162
10.270481 -17.632782 51.171032 1.000000
99.742447
89.348602
0.000000
112.920609
5
3
0.636161 -0.713494 -0.293642 0.000000
0.770140 0.610260 0.185657 0.000000
0.046732 -0.344253 0.937713 0.000000
44.782413 -33.567959 -10.431524 1.000000
32.599567
24.785025
28.230152
3
0.988922 -0.069174 -0.131333 0.000000
-0.117951 0.170937 -0.978196 0.000000
0.090115 0.982851 0.160884 0.000000
94.941734 -28.467196 0.651157 1.000000
39.455078
21.188984
22.018097
3
0.998459 0.007090 -0.055053 0.000000
-0.055508 0.127546 -0.990278 0.000000
0.000000 0.991807 0.127743 0.000000
95.634926 -6.929366 0.341203 1.000000
39.149319
23.194550
26.509243
3
0.971605 0.177511 0.156441 0.000000
0.165854 -0.039394 -0.985364 0.000000
-0.168750 0.983330 -0.067716 0.000000
95.784599 11.866854 0.167428 1.000000
33.111202
26.033302
21.938265
3
0.940722 0.270970 0.204003 0.000000
0.239814 -0.106034 -0.965011 0.000000
-0.239858 0.956730 -0.164730 0.000000
91.111641 32.019905 -0.350481 1.000000
23.339811
17.564442
21.447262
0
241.538666
258.290192
0.072289
0.036145
136.326340
0.292952
-0.114162
-10.270481 17.632782 51.171032 1.000000
99.742447
89.348602
0.000000
112.920609
5
3
0.636161 -0.713494 -0.293642 0.000000
0.770140 0.610260 0.185657 0.000000
0.046732 -0.344253 0.937713 0.000000
44.782413 -33.567959 -10.431524 1.000000
32.599567
24.785025
28.230152
3
0.988922 -0.069174 -0.131333 0.000000
-0.117951 0.170937 -0.978196 0.000000
0.090115 0.982851 0.160884 0.000000
94.941734 -28.467196 0.651157 1.000000
39.455078
21.188984
22.018097
3
0.998459 0.007090 -0.055053 0.000000
-0.055508 0.127546 -0.990278 0.000000
0.000000 0.991807 0.127743 0.000000
95.634926 -6.929366 0.341203 1.000000
39.149319
23.194550
26.509243
3
0.971605 0.177511 0.156441 0.000000
0.165854 -0.039394 -0.985364 0.000000
-0.168750 0.983330 -0.067716 0.000000
95.784599 11.866854 0.167428 1.000000
33.111202
26.033302
21.938265
3
0.940722 0.270970 0.204003 0.000000
0.239814 -0.106034 -0.965011 0.000000
-0.239858 0.956730 -0.164730 0.000000
91.111641 32.019905 -0.350481 1.000000
23.339811
17.564442
21.447262
19
0
20
0
30
0
21
0
22
0
23
0
25
0
0
0
0
0
0
0
0
0
0
0
0.500000
0.500000
0.500000
0.500000
0.500000
0.500000
0.500000
0.500000
0.500000
0.500000
26
0
0
0
0
0
0
5
3
0
18
0.000000
31
1
0
32
0
33
0
0
17
501
117.437416
117.437416
503
225.425507
225.425507
225.425507
225.425507
506
271.009338
271.009338
271.009338
271.009338
28.230152
28.230152
28.230152
28.230152
28.230152
28.230152
33.876167
33.876167
33.876167
33.876167
33.876167
33.876167
39.522228
39.522228
39.522228
39.522228
39.522228
39.522228
33.876167
33.876167
33.876167
33.876167
33.876167
33.876167
28.230152
28.230152
28.230152
28.230152
28.230152
28.230152
136.326340
293.593506
225.841217
271.009338
271.009338
271.009338
271.009338
28.230152
28.230152
28.230152
28.230152
28.230152
28.230152
33.876167
33.876167
33.876167
33.876167
33.876167
33.876167
39.522228
39.522228
39.522228
39.522228
39.522228
39.522228
33.876167
33.876167
33.876167
33.876167
33.876167
33.876167
28.230152
28.230152
28.230152
28.230152
28.230152
28.230152
136.326340
293.593506
225.841217
505
451.682434
451.682434
451.682434
451.682434
16.798967
77.512451
40.000000
40.000000
40.000000
451.682434
451.682434
451.682434
451.682434
16.798967
77.512451
40.000000
40.000000
40.000000
500
212.290665
212.290665
196.481903
212.290665
225.841217
225.841217
83.505989
507
100
0.000000
0.000000
-0.440460
0.897772
0.000000
0.000000
0.000000
3
0.057882
-0.000000
-0.000000
0.000000 0.000000 0.000000 0.000000
0.000000
0.000000 0.000000 0.000000 1.000000
101
3
0.239490
-0.000000
-0.000000
0.000000 0.000000 0.000000 0.000000
0.000001 -0.967845 0.251546 0.000000
0.000000 0.251546 0.967845 0.000000
-1.000000 -0.000001 0.000000 0.000000
0.000001 312.743256 -10.635317 1.000000
108
0.000000 0.000000 0.000000 0.000000
0.000001 312.743256 -10.635317 1.000000
-0.432566
0.559362
0.432566
0.559363
102
0.000000
0.000000
0.018501
0.999829
0.000000
0.000000
0.000000
103
6
-0.016209
-0.000000
-0.000000
0.175658
-0.000000
-0.000000
0.000000 0.000000 0.000000 0.000000
105
3.005968
0.300000
-0.068750
0.001312
-0.039782
0.996840
0.000000
0.000000
0.000000
-0.120000
0.000000
0
0.000000
0.000000
783.526855 114.255585 13.564014 1.000000
-69.942192 226.232193 -797.708679 1.000000
0.002855 -0.137170 0.990543 1.000000
3
0
-0.019728
-0.011625
0.675804
0.736726
0.000000
0.000000
0.000000
0.000000
0.000000
0.000000
1.000000
0.712765
-0.121797
-0.680639
-0.117736
0.000000
0.000000
0.000000
1
-0.078158
0.000000
-0.285354
0.955230
0.000000
0.000000
0.000000
1.000000
1
0.000000
0.000000
1
0.000000
0.000000
0.000000
1.000000
0.000000
0.000000
0.000000
1.000000
1
0.000000
0.000000
1
0.000000
0.000000
0.000000
1.000000
0.000000
0.000000
0.000000
1.000000
1
0.000000
0.000000
1
0.000000
0.000000
0.000000
1.000000
0.000000
0.000000
0.000000
1.000000
1
0.000000
0.000000
1
0.000000
0.000000
0.000000
1.000000
0.000000
0.000000
0.000000
1.000000
1
0.000000
0.000000
0
0
5
0
0
-66.840752 37.840332 -857.058655 1.000000
0.000000 0.000000 0.000000 1.000000
0.000000
3.005968
0.300000
-0.068750
0.001312
-0.039782
0.996840
0.000000
0.000000
0.000000
-0.120000
0.000000
0
0.000000
0.000000
783.526855 114.255585 13.564010 1.000000
69.941757 226.232407 -797.708679 1.000000
0.002855 -0.137170 0.990543 1.000000
3
0
0.019728
0.011625
0.675804
0.736726
0.000000
0.000000
0.000000
0.000000
0.000000
0.000000
1.000000
-0.680639
0.117735
0.712765
0.121798
0.000000
0.000000
0.000000
1
-0.078158
0.000000
-0.285354
0.955230
0.000000
0.000000
0.000000
1.000000
1
0.000000
0.000000
1
0.000000
0.000000
0.000000
1.000000
0.000000
0.000000
0.000000
1.000000
1
0.000000
0.000000
1
0.000000
0.000000
0.000000
1.000000
0.000000
0.000000
0.000000
1.000000
1
0.000000
0.000000
1
0.000000
0.000000
0.000000
1.000000
0.000000
0.000000
0.000000
1.000000
1
0.000000
0.000000
1
0.000000
0.000000
0.000000
1.000000
0.000000
0.000000
0.000000
1.000000
1
0.000000
0.000000
0
0
5
0
0
139.557037 21.235146 104.444229 1.000000
0.000000 0.000000 0.000000 1.000000
0.000000
106
2.023229
0.300000
0.208747
0.449720
-0.249240
0.831899
0.000000
0.000000
0.000000
0.292952
-0.114162
0
0.000000
0.000000
114.322937 396.731812 95.574249 1.000000
-276.413361 23.868317 522.461243 1.000000
-0.852300 0.123136 0.508352 1.000000
0
0
-0.157584
0.602724
0.097469
0.776138
0.000000
0.000000
0.000000
0.000000
0.000000
0.000000
1.000000
0.325234
0.363126
0.583555
-0.394922
0.000000
0.000000
0.000000
4
0.000000
0.000000
0.000000
1.000000
0.000000
0.000000
0.000000
1.000000
0.000000
0.000000
-0.140443
0.990089
0.000000
0.000000
0.000000
1.000000
0.000000
0.000000
-0.067908
0.997692
0.000000
0.000000
0.000000
1.000000
0.000000
0.000000
0.000000
1.000000
0.000000
0.000000
0.000000
1.000000
0
0.000000
0.000000
0.000000
0.000000
0.000000
0.209308
0.000000
0.000000
0.076656
0.000000
0.000000
0.000000
4
0.000000
0.000000
0.000000
1.000000
0.000000
0.000000
0.000000
1.000000
0.000000
-0.000000
-0.065061
0.997881
0.000000
0.000000
0.000000
1.000000
0.000000
-0.000000
-0.026332
0.999653
0.000000
0.000000
0.000000
1.000000
0.000000
0.000000
0.000000
1.000000
0.000000
0.000000
0.000000
1.000000
0
0.000000
0.000000
0.000000
0.000000
0.000000
0.565318
0.000000
0.000000
0.422213
0.000000
0.000000
0.000000
4
0.000000
0.000000
0.000000
1.000000
0.000000
0.000000
0.000000
1.000000
0.000000
-0.000000
-0.051526
0.998672
0.000000
0.000000
0.000000
1.000000
0.000000
-0.000000
-0.099155
0.995072
0.000000
0.000000
0.000000
1.000000
0.000000
0.000000
0.000000
1.000000
0.000000
0.000000
0.000000
1.000000
0
0.000000
0.000000
0.000000
0.000000
0.000000
0.538202
0.000000
0.000000
0.568179
0.000000
0.000000
0.000000
4
0.000000
0.000000
0.000000
1.000000
0.000000
0.000000
0.000000
1.000000
0.000000
-0.000000
-0.136170
0.990686
0.000000
0.000000
0.000000
1.000000
0.000000
-0.000000
-0.036840
0.999321
0.000000
0.000000
0.000000
1.000000
0.000000
0.000000
0.000000
1.000000
0.000000
0.000000
0.000000
1.000000
0
0.000000
0.000000
0.000000
0.000000
0.000000
0.708292
0.000000
0.000000
0.443239
0.000000
0.000000
0.000000
4
0.000000
0.000000
0.000000
1.000000
0.000000
0.000000
0.000000
1.000000
0.000000
-0.000000
-0.127062
0.991895
0.000000
0.000000
0.000000
1.000000
0.000000
0.000000
-0.052163
0.998639
0.000000
0.000000
0.000000
1.000000
0.000000
0.000000
0.000000
1.000000
0.000000
0.000000
0.000000
1.000000
0
0.000000
0.000000
0.000000
0.000000
0.000000
0.833861
0.000000
0.000000
0.368807
0.000000
0.000000
0.000000
0
0
5
0
0
-280.527008 7.784805 611.146057 1.000000
0.000000 0.000000 0.000000 1.000000
0.000000
2.023229
0.300000
0.208747
0.449720
-0.249240
0.831899
0.000000
0.000000
0.000000
0.292952
-0.114162
0
0.000000
0.000000
114.322937 396.731812 95.574249 1.000000
276.414459 23.869049 522.461060 1.000000
-0.852300 0.123136 0.508352 1.000000
0
0
-0.144717
0.609130
0.083600
0.775261
0.000000
0.000000
0.000000
0.000000
0.000000
0.000000
1.000000
0.587597
0.389742
0.519010
0.483176
0.000000
0.000000
0.000000
4
0.000000
0.000000
0.000000
1.000000
0.000000
0.000000
0.000000
1.000000
0.000000
0.000000
-0.140443
0.990089
0.000000
0.000000
0.000000
1.000000
0.000000
0.000000
-0.067908
0.997692
0.000000
0.000000
0.000000
1.000000
0.000000
0.000000
0.000000
1.000000
0.000000
0.000000
0.000000
1.000000
0
0.000000
0.000000
0.000000
0.000000
0.000000
0.209308
0.000000
0.000000
0.076656
0.000000
0.000000
0.000000
4
0.000000
0.000000
0.000000
1.000000
0.000000
0.000000
0.000000
1.000000
0.000000
-0.000000
-0.065061
0.997881
0.000000
0.000000
0.000000
1.000000
0.000000
-0.000000
-0.026332
0.999653
0.000000
0.000000
0.000000
1.000000
0.000000
0.000000
0.000000
1.000000
0.000000
0.000000
0.000000
1.000000
0
0.000000
0.000000
0.000000
0.000000
0.000000
0.565318
0.000000
0.000000
0.422213
0.000000
0.000000
0.000000
4
0.000000
0.000000
0.000000
1.000000
0.000000
0.000000
0.000000
1.000000
0.000000
-0.000000
-0.051526
0.998672
0.000000
0.000000
0.000000
1.000000
0.000000
-0.000000
-0.099155
0.995072
0.000000
0.000000
0.000000
1.000000
0.000000
0.000000
0.000000
1.000000
0.000000
0.000000
0.000000
1.000000
0
0.000000
0.000000
0.000000
0.000000
0.000000
0.538202
0.000000
0.000000
0.568179
0.000000
0.000000
0.000000
4
0.000000
0.000000
0.000000
1.000000
0.000000
0.000000
0.000000
1.000000
0.000000
-0.000000
-0.136170
0.990686
0.000000
0.000000
0.000000
1.000000
0.000000
-0.000000
-0.036840
0.999321
0.000000
0.000000
0.000000
1.000000
0.000000
0.000000
0.000000
1.000000
0.000000
0.000000
0.000000
1.000000
0
0.000000
0.000000
0.000000
0.000000
0.000000
0.708292
0.000000
0.000000
0.443239
0.000000
0.000000
0.000000
4
0.000000
0.000000
0.000000
1.000000
0.000000
0.000000
0.000000
1.000000
0.000000
-0.000000
-0.127062
0.991895
0.000000
0.000000
0.000000
1.000000
0.000000
0.000000
-0.052163
0.998639
0.000000
0.000000
0.000000
1.000000
0.000000
0.000000
0.000000
1.000000
0.000000
0.000000
0.000000
1.000000
0
0.000000
0.000000
0.000000
0.000000
0.000000
0.833861
0.000000
0.000000
0.368807
0.000000
0.000000
0.000000
0
0
5
0
0
479.278931 945.284302 -30.948606 1.000000
0.000000 0.000000 0.000000 1.000000
0.000000
107
27
0.500000
0.500000
0.500000
0.500000
0.500000
0.500000
28
6
0
-0.004342
-0.009040
-0.014528
-0.999844
pose1
-0.028972 -0.018203 -0.999414
-0.999540 -0.008421 0.029129
0.000000
0.500000
0.306306
0.285922
-0.628247
0.655539
pose2
0.998840 0.010006 -0.047110
-0.022966 -0.760849 -0.648522
0.000000
0.500000
-0.604889
0.099517
0.672610
-0.414490
pose3
0.437187 0.896206 -0.075384
0.636588 -0.367568 -0.677974
0.000000
0.500000
-0.202303
-0.721503
-0.037610
-0.661130
pose4
0.242194 -0.969231 0.043962
-0.915318 -0.213225 0.341656
0.000000
0.500000
-0.105683
0.335716
0.702526
0.618533
pose5
-0.940030 -0.266812 0.212496
0.009423 0.602436 0.798112
0.000000
0.500000
0.017896
0.466863
-0.884082
0.010833
pose6
0.035866 0.021528 0.999125
0.563844 -0.825878 -0.002445
0.000000
0.500000
29
6
0
0.000000
0.000000
-0.020622
0.999787
pose1
-0.041236 0.000000 -0.999149
0.999149 0.000000 -0.041236
0.000000
0.500000
0.036782
0.019800
0.678470
0.733439
pose2
0.993777 0.078954 -0.078572
0.076650 0.027087 0.996690
0.000000
0.500000
0.183027
0.681963
-0.186833
-0.683024
pose3
0.005588 -0.999984 -0.000040
0.863189 0.004803 0.504858
0.000000
0.500000
0.000000
0.000000
-0.697373
0.716708
pose4
-0.999626 0.000000 -0.027341
0.027341 0.000000 -0.999626
0.000000
0.500000
0.000156
0.008472
0.999794
-0.018419
pose5
-0.036833 0.000000 0.999321
-0.999178 -0.016947 -0.036828
0.000000
0.500000
0.351327
0.624934
0.376430
0.586794
pose6
0.002661 0.997915 0.064484
0.469740 -0.058174 0.880886
0.000000
0.500000
